./Oneton_Stability_monitor_v1_run19885_run20127_20190122.root
143.908	162.891	179.087	170.388	166.246	165.377	139.515	139.123	
./Oneton_Stability_monitor_v1_run20128_run20316_20190122.root
144.052	167.683	175.293	172.198	160.564	160.466	146.706	136.7	
./Oneton_Stability_monitor_v1_run20317_run20532_20190122.root
144.895	168.905	181.324	170.402	165.031	162.36	142.015	137.988	
./Oneton_Stability_monitor_v1_run20533_run20735_20190122.root
145.113	162.59	175.379	169.259	165.094	163.107	141.752	140.704	
./Oneton_Stability_monitor_v1_run20736_run20920_20190122.root
144.306	167.232	180.428	172.254	164.046	163.675	150.089	138.713	
./Oneton_Stability_monitor_v1_run20921_run21130_20190122.root
144.847	165.083	177.71	169.644	164.032	165.245	141.985	139.729	
./Oneton_Stability_monitor_v1_run21131_run21319_20190122.root
142.301	163.539	182.358	169.36	163.197	166.741	143.282	139.423	
./Oneton_Stability_monitor_v1_run21320_run21517_20190122.root
144.869	166.859	182.899	169.916	162.368	160.712	144.092	137.4	
./Oneton_Stability_monitor_v1_run21518_run21655_20190122.root
144.671	169.249	174.03	170.352	166.406	163.254	143.669	136.42	
./Oneton_Stability_monitor_v1_run21656_run21794_20190122.root
146.534	161.62	181.48	171.864	164.266	161.485	143.266	137.302	
./Oneton_Stability_monitor_v1_run21795_run21932_20190122.root
146.386	165.517	180.19	174.684	165.233	165.023	141.492	138.983	
./Oneton_Stability_monitor_v1_run21933_run22075_20190122.root
145.459	168.364	180.755	171.896	163.04	163.562	141.452	137.829	
./Oneton_Stability_monitor_v1_run22076_run22267_20190122.root
145.424	158.606	180.015	171.508	164.856	165.385	142.672	138.378	
./Oneton_Stability_monitor_v1_run22268_run22405_20190122.root
146.484	164.868	178.837	171.081	165.948	154.845	143.077	137.713	
./Oneton_Stability_monitor_v1_run22406_run22547_20190122.root
145.917	158.347	181.248	169.962	165.125	160.525	136.622	138.844	
./Oneton_Stability_monitor_v1_run22548_run22688_20190122.root
144.112	165.907	180.254	170.935	166.387	161.1	144.439	136.43	
./Oneton_Stability_monitor_v1_run22689_run22826_20190122.root
145.511	165.174	184.085	172.326	163.363	163.737	138.076	139.264	
./Oneton_Stability_monitor_v1_run22827_run22965_20190122.root
146.056	170.414	176.254	169.362	164.403	157.746	140.775	140.087	
./Oneton_Stability_monitor_v1_run22966_run23099_20190122.root
144.661	165.482	179.913	171.035	163.574	153.906	144.447	137.725	
./Oneton_Stability_monitor_v1_run23102_run23296_20190122.root
145.632	166.645	179.954	172.969	164.809	159.064	153.551	137.031	
./Oneton_Stability_monitor_v1_run23297_run23439_20190122.root
145.417	168.742	179.907	171.021	164.291	157.784	136.086	136.356	
./Oneton_Stability_monitor_v1_run23440_run23582_20190122.root
145.034	170.584	182.107	172.063	162.983	158.454	137.934	137.964	
./Oneton_Stability_monitor_v1_run23583_run23700_20190122.root
147.385	168.898	182.516	173.966	166.374	153.07	154.074	136.644	
./Oneton_Stability_monitor_v1_run23701_run23884_20190122.root
144.929	165.651	179.259	170.37	164.982	164.19	142.83	139.678	
./Oneton_Stability_monitor_v1_run23885_run24027_20190122.root
143.487	166.651	183.027	171.424	166.436	160.627	144.979	136.748	
./Oneton_Stability_monitor_v1_run24028_run24170_20190122.root
146.271	169.889	182.963	173.137	164.993	164.048	140.677	138.23	
./Oneton_Stability_monitor_v1_run24171_run24313_20190122.root
144.227	165.563	184.683	173.297	165.873	156.743	144.669	138.388	
./Oneton_Stability_monitor_v1_run24314_run24482_20190122.root
146.045	168.288	177.608	171.249	166.134	161.121	139.693	138.192	
./Oneton_Stability_monitor_v1_run24485_run24643_20190122.root
146.612	166.823	180.699	171.767	162.641	158.497	142.012	139.108	
./Oneton_Stability_monitor_v1_run24644_run24790_20190122.root
146.388	169.622	178.537	172.574	164.605	166.189	142.255	138.021	
./Oneton_Stability_monitor_v1_run24791_run24983_20190122.root
147.236	168.604	179.848	173.295	163.587	162.553	141.757	138.978	
./Oneton_Stability_monitor_v1_run24984_run25162_20190122.root
145.666	162.256	183.897	172.932	165.71	161.344	138.945	138.465	
./Oneton_Stability_monitor_v1_run25163_run25386_20190122.root
144.896	167.36	176.819	171.277	165.347	157.028	141.508	139.495	
./Oneton_Stability_monitor_v1_run25387_run25531_20190122.root
145.348	168.71	179.461	174.425	165.024	156.767	144.984	136.167	
./Oneton_Stability_monitor_v1_run25532_run25672_20190122.root
145.741	165.38	180.723	173.256	165.272	164.769	146.28	137.623	
./Oneton_Stability_monitor_v1_run25673_run25818_20190122.root
144.373	170.003	184.312	172.952	167.079	160.279	136.545	137.992	
./Oneton_Stability_monitor_v1_run25819_run25950_20190122.root
144.594	168.583	183.325	171.384	163.295	159.076	138.676	135.669	
./Oneton_Stability_monitor_v1_run25951_run26077_20190122.root
144.14	164.932	176.844	172.951	164.487	155.082	143.774	137.505	
./Oneton_Stability_monitor_v1_run26078_run26269_20190122.root
146.742	167.803	178.505	172.807	163.56	163.746	145.766	137.665	
./Oneton_Stability_monitor_v1_run26270_run26419_20190122.root
146.418	166.382	184.317	175.449	166.448	162.837	147.514	138.677	
./Oneton_Stability_monitor_v1_run26420_run26559_20190122.root
145.492	165.602	178.095	172.655	164.575	156.713	147.603	137.379	
./Oneton_Stability_monitor_v1_run26560_run26701_20190122.root
147.215	161.591	183.26	172.778	163.827	159.813	139.536	137.341	
./Oneton_Stability_monitor_v1_run26702_run26831_20190122.root
146.124	167.308	179.018	171.161	166.691	156.583	138.002	139.413	
./Oneton_Stability_monitor_v1_run26832_run27009_20190122.root
145.494	167.3	183.383	171.983	167.508	165.119	139.81	137.102	
./Oneton_Stability_monitor_v1_run27010_run27188_20190122.root
146.279	165.65	178.894	172.842	166.203	160.377	144.277	138.205	
./Oneton_Stability_monitor_v1_run27189_run27361_20190122.root
147.161	166.058	180.866	176.12	164.814	155.69	142.883	138.089	
./Oneton_Stability_monitor_v1_run27362_run27558_20190122.root
145.116	167.494	181.27	174.456	167.119	158.485	147.144	140.183	
./Oneton_Stability_monitor_v1_run27559_run27721_20190122.root
146.127	167.374	177.354	175.096	165.499	155.404	143.853	141.124	
./Oneton_Stability_monitor_v1_run27722_run27872_20190122.root
148.291	168.623	179.981	172.106	166.613	155.03	143.609	138.361	
./Oneton_Stability_monitor_v1_run27873_run28059_20190122.root
146.298	169.046	180.057	173.287	165.654	165.626	141.453	140.21	
./Oneton_Stability_monitor_v1_run28060_run28204_20190122.root
150.582	165.373	185.376	175.117	164.318	159.572	143.666	138.965	
./Oneton_Stability_monitor_v1_run28205_run28348_20190122.root
148.399	165.46	178.842	174.649	164.454	150.66	137.715	141.638	
./Oneton_Stability_monitor_v1_run28349_run28539_20190122.root
145.158	167.071	180.652	174.926	163.715	156.036	145.162	137.502	
./Oneton_Stability_monitor_v1_run28540_run28655_20190122.root
145.462	158.554	184.265	173.387	167.055	156.944	142.004	138.153	
./Oneton_Stability_monitor_v1_run28659_run28895_20190122.root
146.102	169.228	190.513	173.539	165.469	157.464	139.576	137.382	
./Oneton_Stability_monitor_v1_run28896_run29091_20190122.root
147.616	169.314	185.557	172.709	167.013	165.072	142.845	140.88	
./Oneton_Stability_monitor_v1_run29092_run29275_20190122.root
145.869	167.463	184.653	172.194	165.175	169.444	140.161	138.334	
./Oneton_Stability_monitor_v1_run29276_run29408_20190122.root
148.662	166.325	186.634	173.099	166.684	163.66	148.43	139.615	
./Oneton_Stability_monitor_v1_run29409_run29535_20190122.root
142.953	171.715	177.771	175.577	165.912	162.926	139.932	140.733	
./Oneton_Stability_monitor_v1_run29536_run29702_20190122.root
146.08	169.379	184.788	172.607	165.52	163.538	147.469	138.261	
./Oneton_Stability_monitor_v1_run29703_run29887_20190122.root
147.144	172.543	187.03	172.848	166.698	167.202	146.462	138.763	
./Oneton_Stability_monitor_v1_run29888_run30015_20190122.root
144.728	172.758	185.815	174.056	167.278	163.347	140.803	138.534	
./Oneton_Stability_monitor_v1_run30016_run30140_20190122.root
146.305	162.59	188.544	172.052	166.474	164.813	143.939	142.162	
./Oneton_Stability_monitor_v1_run30141_run30319_20190122.root
145.232	167.736	178.905	172.585	167.503	161.875	144.084	140.248	
./Oneton_Stability_monitor_v1_run30320_run30459_20190122.root
147.02	172.805	184.051	173.021	165.402	164.397	144.217	141.872	
./Oneton_Stability_monitor_v1_run30460_run30738_20190122.root
148.015	167.448	187.567	172.631	166.316	159.122	145.152	139.477	
./Oneton_Stability_monitor_v1_run30741_run31030_20190122.root
149.327	172.015	186.215	173.22	168.268	164.295	140.404	136.036	
./Oneton_Stability_monitor_v1_run31031_run31350_20190122.root
150.079	170.572	173.492	175.024	169.137	164.621	132.08	142.267	
./Oneton_Stability_monitor_v1_run31351_run31658_20190122.root
148.564	170.835	191.445	168.423	168.991	166.854	143.662	138.939	
./Oneton_Stability_monitor_v1_run31659_run32111_20190122.root
145.891	169.268	181.826	177.305	167.644	165.141	144.277	139.31	
./Oneton_Stability_monitor_v1_run32112_run32493_20190122.root
150.933	172.629	175.441	174.05	168.875	163.656	138.83	140.358	
./Oneton_Stability_monitor_v1_run32494_run32877_20190122.root
146.213	171.128	188.453	174.523	166.409	167.688	143.204	136.677	
./Oneton_Stability_monitor_v1_run32878_run33326_20190122.root
147.944	169.273	188.515	173.566	165.452	153.096	145.768	139.496	
./Oneton_Stability_monitor_v1_run33327_run33804_20190122.root
149.932	171.657	186.984	174.217	165.861	162.405	135.612	139.744	
./Oneton_Stability_monitor_v1_run33805_run34269_20190122.root
146.486	171.607	190.129	173.771	167.166	163.853	142.534	140.491	
./Oneton_Stability_monitor_v1_run34270_run34733_20190122.root
148.521	170.658	190.523	175.809	165.982	158.174	143.467	138.806	
./Oneton_Stability_monitor_v1_run34734_run35167_20190122.root
143.652	165.6	197.482	175.125	167.931	166.844	146.427	137.54	
./Oneton_Stability_monitor_v1_run35168_run35741_20190122.root
147.424	163.614	188.58	174.485	167.773	164.977	138.586	140.42	
./Oneton_Stability_monitor_v1_run35751_run35775_20190122.root
144.976	170.168	190.164	172.154	166.901	158.262	142.591	139.493	
./Oneton_Stability_monitor_v1_run35776_run35809_20190122.root
148.377	169.81	186.911	171.744	165.695	163.772	142.94	139.451	
./Oneton_Stability_monitor_v1_run35810_run35833_20190122.root
147.492	168.213	191.55	175.876	168.216	166.89	147.675	137.556	
./Oneton_Stability_monitor_v1_run35834_run35857_20190122.root
147.248	166.787	196.368	173.268	167.477	164.554	146.064	136.843	
./Oneton_Stability_monitor_v1_run35858_run35881_20190122.root
146.996	171.819	195.739	173.428	167.254	165.751	140.195	139.696	
./Oneton_Stability_monitor_v1_run35882_run35906_20190122.root
146.809	168.278	195.322	173.826	166.247	164.721	140.313	138.973	
./Oneton_Stability_monitor_v1_run35907_run35930_20190122.root
146.329	168.933	196.535	174.557	167.897	167.733	138.135	139.702	
./Oneton_Stability_monitor_v1_run35931_run35954_20190122.root
148.739	166.97	194.235	173.795	166.056	163.003	137.992	139.463	
./Oneton_Stability_monitor_v1_run35955_run35978_20190122.root
147.747	167.928	190.545	175.346	168.139	164.079	144.91	136.915	
./Oneton_Stability_monitor_v1_run35979_run36001_20190122.root
147.954	171.262	192.477	175.133	167.715	165.521	136.576	138.445	
./Oneton_Stability_monitor_v1_run36002_run36025_20190122.root
148.249	170.242	194.901	175.985	167.692	163.495	142.821	139.33	
./Oneton_Stability_monitor_v1_run36026_run36048_20190122.root
146.655	172.059	193.049	174.042	168.996	162.063	145.971	139.363	
./Oneton_Stability_monitor_v1_run36049_run36072_20190122.root
145.193	167.847	194.926	173.562	165.811	166.091	145.872	139.008	
./Oneton_Stability_monitor_v1_run36073_run36096_20190122.root
147.224	170.86	194.125	172.918	165.81	165.585	141.261	139.558	
./Oneton_Stability_monitor_v1_run36097_run36125_20190122.root
146.433	166.353	192.98	173.218	165.697	163.048	138.647	137.594	
./Oneton_Stability_monitor_v1_run36126_run36149_20190122.root
148.143	169.19	189.907	173.84	166.128	162.507	142.944	137.468	
./Oneton_Stability_monitor_v1_run36150_run36173_20190122.root
146.583	166.98	191.754	173.297	167.056	164.542	140.571	139.98	
./Oneton_Stability_monitor_v1_run36174_run36197_20190122.root
146.303	169.218	194.518	174.154	165.389	161.988	136.473	138.614	
./Oneton_Stability_monitor_v1_run36198_run36221_20190122.root
146.603	166.811	196.558	172.601	168.05	164.195	145.936	138.877	
./Oneton_Stability_monitor_v1_run36222_run36245_20190122.root
148.186	171.419	193.49	174.059	166.903	157.121	142.679	140.238	
./Oneton_Stability_monitor_v1_run36246_run36269_20190122.root
147.963	169.002	196.803	174.725	166.845	163.166	142.681	141.701	
./Oneton_Stability_monitor_v1_run36270_run36297_20190122.root
146.98	168.379	199.5	174.924	165.601	165.855	143.925	137.075	
./Oneton_Stability_monitor_v1_run36298_run36438_20190122.root
145.055	158.276	188.921	182.92	167.653	154.108	140.527	140.461	
./Oneton_Stability_monitor_v1_run36447_run36477_20190122.root
147.551	167.848	190.64	173.191	168.401	162.43	143.664	138.398	
./Oneton_Stability_monitor_v1_run36478_run36501_20190122.root
148.386	168.072	188.192	174.525	166.458	160.008	143.609	138.702	
./Oneton_Stability_monitor_v1_run36502_run36523_20190122.root
145.647	168.354	198.303	175.039	166.29	164.994	144.997	137.499	
./Oneton_Stability_monitor_v1_run36524_run36547_20190122.root
148.167	163.553	194.11	175.839	166.801	163.496	142.001	138.743	
./Oneton_Stability_monitor_v1_run36548_run36581_20190122.root
148.456	166.978	193.596	175.138	167.3	154.899	139.644	137.736	
./Oneton_Stability_monitor_v1_run36583_run36723_20190122.root
147.967	165.532	191.846	175.476	167.843	160.469	141.836	140.209	
./Oneton_Stability_monitor_v1_run36732_run36762_20190122.root
149.844	166.381	194.258	175.549	166.708	162.536	140.575	138.155	
./Oneton_Stability_monitor_v1_run36763_run36786_20190122.root
145.993	170.687	198.977	172.942	167.742	157.14	141.079	137.654	
./Oneton_Stability_monitor_v1_run36787_run36815_20190122.root
147.261	166.519	191.744	174.737	166.158	157.879	143.962	138.936	
./Oneton_Stability_monitor_v1_run36816_run36895_20190122.root
145.696	169.28	193.298	175.919	165.358	161.681	141.101	137.498	
./Oneton_Stability_monitor_v1_run36896_run36919_20190122.root
146.498	166.795	193.88	175.646	167.419	159.011	144.869	137.851	
./Oneton_Stability_monitor_v1_run36920_run36943_20190122.root
148.173	170.631	188.366	174.709	165.247	165.461	138.384	138.989	
./Oneton_Stability_monitor_v1_run36944_run37097_20190122.root
145.94	163.653	193.978	172.784	165.915	162.352	145.979	138.079	
./Oneton_Stability_monitor_v1_run37098_run37121_20190122.root
144.883	165.988	190.489	175.32	166.234	161.655	144.475	136.591	
./Oneton_Stability_monitor_v1_run37122_run37145_20190122.root
141.156	166.379	192.292	174.479	165.936	163.267	141.532	137.918	
./Oneton_Stability_monitor_v1_run37146_run37315_20190122.root
144.642	166.388	194.894	171.912	165.183	164.771	140.585	135.749	
./Oneton_Stability_monitor_v1_run37316_run37339_20190122.root
144.323	170.257	186.61	175.227	165.065	160.583	143.505	136.579	
./Oneton_Stability_monitor_v1_run37340_run37363_20190122.root
147.917	171.492	185.884	174.586	165.458	161.744	139.104	136.581	
./Oneton_Stability_monitor_v1_run37364_run37387_20190122.root
145.913	170.074	183.013	172.085	164.825	161.882	137.623	136.715	
./Oneton_Stability_monitor_v1_run37388_run37411_20190122.root
144.909	167.127	184.349	175.546	165.272	156.194	139.44	137.167	
./Oneton_Stability_monitor_v1_run37412_run37435_20190122.root
144.764	165.622	188.837	171.437	165.561	166.046	141.117	138.479	
./Oneton_Stability_monitor_v1_run37436_run37596_20190122.root
145.059	168.568	188.378	174.682	165.737	164.018	139.629	136.319	
./Oneton_Stability_monitor_v1_run37597_run37620_20190122.root
147.32	168.733	193.067	175.605	165.811	160.991	146.207	137.891	
./Oneton_Stability_monitor_v1_run37621_run37644_20190122.root
144.152	168.411	190.727	174.367	166.796	156.688	146.358	137.431	
./Oneton_Stability_monitor_v1_run37645_run37668_20190122.root
148.395	163.711	187.577	171.524	166.163	159.753	149.402	137.176	
./Oneton_Stability_monitor_v1_run37669_run37692_20190122.root
145.491	169.945	189.462	173.945	165.615	162.634	144.769	138.31	
./Oneton_Stability_monitor_v1_run37693_run37853_20190122.root
145.738	168.324	184.476	176.331	165.061	163.618	146.006	136.725	
./Oneton_Stability_monitor_v1_run37854_run37877_20190122.root
147.012	166.746	189.128	173.527	164.467	161.379	142.638	138.423	
./Oneton_Stability_monitor_v1_run37878_run37901_20190122.root
145.812	165.711	188.081	172.214	164.483	161.9	145.976	136.245	
./Oneton_Stability_monitor_v1_run37902_run38027_20190122.root
146.125	169.675	189.6	172.653	163.594	159.719	145.977	135.148	
./Oneton_Stability_monitor_v1_run38028_run38081_20190122.root
145.594	161.863	189.378	174.945	165.001	159.001	135.92	137.867	
./Oneton_Stability_monitor_v1_run38082_run38105_20190122.root
146.038	169.969	185.906	175.673	164.79	159.936	146.192	138.643	
./Oneton_Stability_monitor_v1_run38106_run38129_20190122.root
146.616	166.452	191.143	174.234	166.7	154.371	140.363	136.85	
./Oneton_Stability_monitor_v1_run38130_run38205_20190122.root
144.751	169.175	188.594	171.876	165.195	159.762	140.392	137.494	
./Oneton_Stability_monitor_v1_run38206_run38229_20190122.root
145.566	168.588	186.533	173.253	166.324	162.523	141.113	134.411	
./Oneton_Stability_monitor_v1_run38230_run38253_20190122.root
143.201	172.041	190.514	174.414	166.802	160.214	145.896	137.156	
./Oneton_Stability_monitor_v1_run38254_run38275_20190122.root
145.892	165.251	188.198	174.183	165.375	164.208	145.988	137.376	
./Oneton_Stability_monitor_v1_run38277_run38333_20190122.root
145.686	164.065	188.846	173.177	164.609	154.359	144.162	137.409	
./Oneton_Stability_monitor_v1_run38334_run38357_20190122.root
147.426	166.624	185.083	176.686	166.589	161.315	138.96	138.703	
./Oneton_Stability_monitor_v1_run38358_run38381_20190122.root
146.127	171.338	188.078	172.381	165.519	160.587	145.3	137.465	
./Oneton_Stability_monitor_v1_run38385_run38405_20190122.root
146.464	164.699	188.84	171.561	167.104	154.173	139.14	137.989	
./Oneton_Stability_monitor_v1_run38254_run38275_20190122.root
145.892	165.251	188.198	174.183	165.375	164.208	145.988	137.376	
./Oneton_Stability_monitor_v1_run38277_run38333_20190122.root
145.686	164.065	188.846	173.177	164.609	154.359	144.162	137.409	
./Oneton_Stability_monitor_v1_run38334_run38357_20190122.root
147.426	166.624	185.083	176.686	166.589	161.315	138.96	138.703	
./Oneton_Stability_monitor_v1_run38358_run38381_20190122.root
146.127	171.338	188.078	172.381	165.519	160.587	145.3	137.465	
./Oneton_Stability_monitor_v1_run38385_run38405_20190122.root
146.464	164.699	188.84	171.561	167.104	154.173	139.14	137.989	
./Oneton_Stability_monitor_v1_run38406_run38429_20190122.root
146.898	170.489	193.322	174.337	163.858	159.452	141.719	135.876	
./Oneton_Stability_monitor_v1_run38430_run38553_20190122.root
143.731	171.473	187.915	173.37	165.402	161.644	143.86	136.577	
./Oneton_Stability_monitor_v1_run38554_run38622_20190122.root
145.319	162.959	190.908	171.8	165.933	158.028	140.026	137.567	
./Oneton_Stability_monitor_v1_run38623_run38654_20190122.root
145.667	167.199	190.159	174.556	165.398	161.826	142.935	136.555	
./Oneton_Stability_monitor_v1_run38655_run38677_20190122.root
144.457	167.98	189.765	173.775	165.804	161.105	141.356	137.615	
./Oneton_Stability_monitor_v1_run38678_run38874_20190122.root
144.427	165.956	190.996	174.891	166.243	161.481	145.954	135.31	
./Oneton_Stability_monitor_v1_run38875_run38897_20190122.root
144.459	169.625	184.377	174.873	166.265	163.679	141.701	139.445	
./Oneton_Stability_monitor_v1_run38898_run38919_20190122.root
146.278	165.696	189.703	173.516	164.994	163.028	142.044	137.345	
./Oneton_Stability_monitor_v1_run38922_run38939_20190122.root
145.225	169.449	190.826	173.448	164.294	164.546	144.182	136.911	
./Oneton_Stability_monitor_v1_run38940_run38963_20190122.root
145.094	167.446	190.738	173.428	167.11	160.238	134.893	136.502	
./Oneton_Stability_monitor_v1_run38964_run38993_20190122.root
144.983	169.998	192.185	176.044	166.211	162.366	138.577	136.26	
./Oneton_Stability_monitor_v1_run38994_run39158_20190122.root
146.417	165.388	188.065	174.186	165.187	156.539	137.873	137.372	
./Oneton_Stability_monitor_v1_run39159_run39182_20190122.root
148.191	170.701	185.674	173.424	165.812	159.85	139.875	137.331	
./Oneton_Stability_monitor_v1_run39183_run39206_20190122.root
145.738	169.425	187.65	173.673	165.749	154.149	136.505	137.742	
./Oneton_Stability_monitor_v1_run39207_run39281_20190122.root
146.586	170.796	189.282	173.953	164.859	160.767	140.456	135.575	
./Oneton_Stability_monitor_v1_run39282_run39377_20190122.root
146.835	165.708	188.741	175.774	165.517	159.735	147.044	136.293	
./Oneton_Stability_monitor_v1_run39378_run39401_20190122.root
145.632	168.864	185.599	175.161	165.453	160.791	142.175	134.295	
./Oneton_Stability_monitor_v1_run39402_run39425_20190122.root
143.884	164.581	192.871	175.358	165.394	161.402	143.248	137.313	
./Oneton_Stability_monitor_v1_run39426_run39598_20190122.root
145.998	169.191	186.062	171.452	165.025	161.394	141.916	135.993	
./Oneton_Stability_monitor_v1_run39599_run39622_20190122.root
145.974	167.786	188.893	171.892	165.939	161.805	136.752	138.563	
./Oneton_Stability_monitor_v1_run39623_run39646_20190122.root
144.772	167.313	190.387	174.518	165.112	162.623	142.212	137.143	
./Oneton_Stability_monitor_v1_run39647_run39670_20190122.root
145.448	165.195	189.717	176.064	165.362	160.793	142.956	138.126	
./Oneton_Stability_monitor_v1_run39671_run39884_20190122.root
146.609	169.486	190.052	172.149	165.56	164.119	142.878	137.338	
./Oneton_Stability_monitor_v1_run39885_run39947_20190122.root
144.798	168.949	186.058	175.469	165.207	161.252	150.624	137.494	
./Oneton_Stability_monitor_v1_run39948_run40071_20190122.root
147.229	166.971	186.353	173.673	165.063	165.107	139.631	137.608	
./Oneton_Stability_monitor_v1_run40072_run40139_20190122.root
144.128	171.523	189.915	173.082	164.45	159.905	139.247	134.785	
./Oneton_Stability_monitor_v1_run40140_run40163_20190122.root
143.512	166.954	189.51	173.564	165.821	161.398	142.189	135.146	
./Oneton_Stability_monitor_v1_run40164_run40187_20190122.root
144.021	170.698	187.733	171.945	164.891	164.844	137.928	136.585	
./Oneton_Stability_monitor_v1_run40188_run40319_20190122.root
145.41	169.727	186.344	172.557	165.519	160.783	143.906	137.599	
./Oneton_Stability_monitor_v1_run40320_run40546_20190122.root
145.045	168.363	183.466	174.07	164.707	157.83	135.149	135.418	
./Oneton_Stability_monitor_v1_run40547_run40581_20190122.root
145.939	170.326	194.736	175.203	165.213	161.036	139.013	137.036	
./Oneton_Stability_monitor_v1_run40582_run40605_20190122.root
147.524	168.198	189.966	176.341	165.392	160.29	143.848	135.482	
./Oneton_Stability_monitor_v1_run40606_run40629_20190122.root
146.473	166.647	185.439	174.043	164.59	163.128	140.087	136.762	
./Oneton_Stability_monitor_v1_run40630_run40653_20190122.root
146.843	167.663	187.906	173.992	165.142	164.645	138.55	137.393	
./Oneton_Stability_monitor_v1_run40654_run40677_20190122.root
145.223	169.003	189.351	175.971	166.565	158.684	135.959	137.677	
./Oneton_Stability_monitor_v1_run40678_run40699_20190122.root
145.103	164.758	192.254	174.003	165.659	160.709	143.815	136.373	
./Oneton_Stability_monitor_v1_run40700_run40723_20190122.root
146.405	166.321	191.621	173.945	166.221	162.12	142.646	136.769	
./Oneton_Stability_monitor_v1_run40724_run40748_20190122.root
146.531	168.862	188.032	171.913	165.505	161.411	143.433	136.465	
./Oneton_Stability_monitor_v1_run40749_run40772_20190122.root
145.505	169.791	193.914	173.113	166.084	162.842	135.942	136.83	
./Oneton_Stability_monitor_v1_run40773_run40796_20190122.root
144.909	169.103	190.912	170.77	165.483	163.27	139.565	137.565	
./Oneton_Stability_monitor_v1_run40797_run40819_20190122.root
145.525	165.641	185.783	172.963	167.137	160.766	139.643	136.813	
